   3 DECAY LIBRARY: fission products (ENDF/B-VII.1)
   3 10030  5 1.2320E+01 0.0000E+00 0.0000E+00 0.0000E+00 0.0000E+00 0.0000E+00
   3          0.0000E+00 0.0000E+00 5.6900E-03 0.0000E+00 6.4100E-09 4.4000E-04 
   3          0.0000E+00 1.0000E+00 0.0000E+00 0.0000E+00 0.0000E+00
   3 20030  6 0.0000E+00 0.0000E+00 0.0000E+00 0.0000E+00 0.0000E+00 0.0000E+00
   3          0.0000E+00 0.0000E+00 0.0000E+00 1.3700E-04 1.0000E+00 1.0000E+00
   3          0.0000E+00 0.0000E+00 0.0000E+00 0.0000E+00 0.0000E+00
   3 20040  6 0.0000E+00 0.0000E+00 0.0000E+00 0.0000E+00 0.0000E+00 0.0000E+00
   3          0.0000E+00 0.0000E+00 0.0000E+00 1.0000E+02 1.0000E+00 1.0000E+00
   3          0.0000E+00 0.0000E+00 0.0000E+00 0.0000E+00 0.0000E+00
   3 260650 1 8.1000E-01 0.0000E+00 0.0000E+00 0.0000E+00 0.0000E+00 0.0000E+00
   3          0.0000E+00 0.0000E+00 4.7424E+00 0.0000E+00 1.0000E+00 1.0000E+00
   3          3.5861E-01 1.0000E+00 0.0000E+00 0.0000E+00 0.0000E+00
   3 270650 1 1.1600E+00 0.0000E+00 0.0000E+00 0.0000E+00 0.0000E+00 0.0000E+00
   3          0.0000E+00 0.0000E+00 2.7723E+00 0.0000E+00 1.0000E+00 1.0000E+00
   3          3.3206E-02 1.0000E+00 0.0000E+00 0.0000E+00 0.0000E+00
   3 280650 3 2.5172E+00 0.0000E+00 0.0000E+00 0.0000E+00 0.0000E+00 0.0000E+00
   3          0.0000E+00 0.0000E+00 1.1863E+00 0.0000E+00 4.6300E-09 1.0300E-04
   3          4.7061E-01 1.0000E+00 0.0000E+00 0.0000E+00 0.0000E+00
   3 290650 6 0.0000E+00 0.0000E+00 0.0000E+00 0.0000E+00 0.0000E+00 0.0000E+00
   3          0.0000E+00 0.0000E+00 0.0000E+00 3.0830E+01 1.0000E+00 1.0000E+00
   3          6.0103E-01 0.0000E+00 0.0000E+00 0.0000E+00 0.0000E+00
   3 240660 1 1.0000E-02 0.0000E+00 0.0000E+00 0.0000E+00 0.0000E+00 0.0000E+00
   3          0.0000E+00 0.0000E+00 8.2733E+00 0.0000E+00 1.0000E+00 1.0000E+00
   3          5.0000E-01 1.0000E+00 0.0000E+00 0.0000E+00 0.0000E+00
   3 250660 1 6.4000E-02 0.0000E+00 0.0000E+00 0.0000E+00 0.0000E+00 0.0000E+00
   3          0.0000E+00 1.0880E-01 8.4471E+00 0.0000E+00 1.0000E+00 1.0000E+00
   3          4.8945E-01 8.9120E-01 0.0000E+00 0.0000E+00 0.0000E+00
   3 260660 1 4.4000E-01 0.0000E+00 0.0000E+00 0.0000E+00 0.0000E+00 0.0000E+00
   3          0.0000E+00 0.0000E+00 4.2271E+00 0.0000E+00 1.0000E+00 1.0000E+00
   3          5.0000E-01 1.0000E+00 0.0000E+00 0.0000E+00 0.0000E+00
   3 270660 1 2.0000E-01 0.0000E+00 0.0000E+00 0.0000E+00 0.0000E+00 0.0000E+00
   3          0.0000E+00 0.0000E+00 5.8904E+00 0.0000E+00 1.0000E+00 1.0000E+00
   3          4.1561E-01 1.0000E+00 0.0000E+00 0.0000E+00 0.0000E+00
   3 280660 4 2.2750E+00 0.0000E+00 0.0000E+00 0.0000E+00 0.0000E+00 0.0000E+00
   3          0.0000E+00 0.0000E+00 7.3330E-02 0.0000E+00 9.2600E-10 6.1700E-06
   3          0.0000E+00 1.0000E+00 0.0000E+00 0.0000E+00 0.0000E+00
   3 290660 2 5.1200E+00 0.0000E+00 0.0000E+00 0.0000E+00 0.0000E+00 0.0000E+00
   3          0.0000E+00 0.0000E+00 1.1645E+00 0.0000E+00 1.0000E+00 1.0000E+00
   3          8.3989E-02 1.0000E+00 0.0000E+00 0.0000E+00 0.0000E+00
   3 300660 6 0.0000E+00 0.0000E+00 0.0000E+00 0.0000E+00 0.0000E+00 0.0000E+00
   3          0.0000E+00 0.0000E+00 0.0000E+00 2.7900E+01 1.0000E+00 1.0000E+00
   3          9.8809E-01 0.0000E+00 0.0000E+00 0.0000E+00 0.0000E+00
