   571400 52. 14. 38. 0. 0.2.3083E+00 la 140
   4.3847E-03 2.1017E-04 4.8247E-03 1.7789E-03 5.3304E-03 1.5654E-03
   6.0946E-03 2.3418E-04 3.4291E-02 5.9015E-03 3.4743E-02 1.0817E-02
   3.9196E-02 1.0523E-03 3.9285E-02 2.0389E-03 3.9550E-02 1.2513E-05
   3.9570E-02 1.6866E-05 4.0227E-02 2.2404E-04 4.0247E-02 4.3591E-04
   4.0340E-02 2.6312E-06 4.0344E-02 3.5410E-06 2.4595E-02 1.4971E-05
   6.4135E-02 1.4310E-04 6.8916E-02 7.5366E-04 1.0942E-01 2.1942E-03
   1.3112E-01 4.6746E-03 1.7354E-01 1.2688E-03 2.4193E-01 4.1404E-03
   2.6654E-01 4.6555E-03 3.0690E-01 2.4804E-04 3.2876E-01 2.0320E-01
   3.9752E-01 7.3458E-04 4.3249E-01 2.9002E-02 4.3850E-01 3.9114E-04
   4.4550E-01 2.8620E-05 4.8702E-01 4.5506E-01 6.1812E-01 3.7206E-04
   7.5164E-01 4.3312E-02 8.1577E-01 2.3278E-01 8.6785E-01 5.5046E-02
   9.1955E-01 2.6617E-02 9.2519E-01 6.8974E-02 9.5099E-01 5.1898E-03
   9.9290E-01 1.3356E-04 1.0451E+00 2.4804E-04 1.0972E+00 2.2896E-04
   1.3035E+00 4.1976E-04 1.4052E+00 5.9148E-04 1.5962E+00 9.5400E-01
   1.8773E+00 4.1022E-04 1.9246E+00 1.3356E-04 2.0832E+00 1.1543E-04
   2.3479E+00 8.4906E-03 2.4641E+00 1.1448E-04 2.5214E+00 3.4630E-02
   2.5473E+00 1.0112E-03 2.8996E+00 6.6780E-04 3.1185E+00 2.4804E-04
   3.3204E+00 3.8160E-05
